wl	n
0.40	1.62552
0.41	1.62163
0.42	1.61834
0.43	1.61546
0.44	1.61279
0.45	1.61037
0.46	1.60797
0.47	1.60594
0.48	1.60372
0.49	1.60201
0.50	1.60021
0.51	1.59862
0.52	1.59721
0.53	1.59587
0.54	1.59443
0.55	1.59338
0.56	1.59217
0.57	1.59084
0.58	1.58996
0.59	1.58898
0.60	1.58820
0.61	1.58734
0.62	1.58653
0.63	1.58554
0.64	1.58493
0.65	1.58426
0.66	1.58359
0.67	1.58300
0.68	1.58237
0.69	1.58180
0.70	1.58128
0.71	1.58061
0.72	1.58022
0.73	1.57972
0.74	1.57926
0.75	1.57889
0.76	1.57821
0.77	1.57770
0.78	1.57746
0.79	1.57703
0.80	1.57674
0.81	1.57637
0.82	1.57618
0.83	1.57580
0.84	1.57563
0.85	1.57539
0.86	1.57513
0.87	1.57489
0.88	1.57451
0.89	1.57437
0.90	1.57409
0.91	1.57387
0.92	1.57362
0.93	1.57343
0.94	1.57315
0.95	1.57292
0.96	1.57285
0.97	1.57256
0.98	1.57231
0.99	1.57216
1.00	1.57211
1.01	1.57197
1.02	1.57197
1.03	1.56996
1.04	1.57013
1.05	1.56990
1.06	1.56958
1.07	1.56904
1.08	1.56938
1.09	1.56916
1.10	1.56904
1.11	1.56911
1.12	1.56854
1.13	1.56870
1.14	1.56779
1.15	1.56805
1.16	1.56801
1.17	1.56851
1.18	1.56822
1.19	1.56803
1.20	1.56767
1.21	1.56757
1.22	1.56707
1.23	1.56707
1.24	1.56665
1.25	1.56688
1.26	1.56667
1.27	1.56692
1.28	1.56712
1.29	1.56643
1.30	1.56571
1.31	1.56643
1.32	1.56600
1.33	1.56583
1.34	1.56593
1.35	1.56618
1.36	1.56572
1.37	1.56639
1.38	1.56551
1.39	1.56555
1.40	1.56579
1.41	1.56531
1.42	1.56534
1.43	1.56508
1.44	1.56510
1.45	1.56522
1.46	1.56532
1.47	1.56522
1.48	1.56510
1.49	1.56533
1.50	1.56463
1.51	1.56471
1.52	1.56419
1.53	1.56448
1.54	1.56478
1.55	1.56484
1.56	1.56451
1.57	1.56462
1.58	1.56449
1.59	1.56403
1.60	1.56384
1.61	1.56384
1.62	1.56447
1.63	1.56402
1.64	1.56432
1.65	1.56402
1.66	1.56391
1.67	1.56342
1.68	1.56376
1.69	1.56360
1.70	1.56341
1.71	1.56341
1.72	1.56363
1.73	1.56390
1.74	1.56383
1.75	1.56336
1.76	1.56349
1.77	1.56337
1.78	1.56328
1.79	1.56336
1.80	1.56314
1.81	1.56316
1.82	1.56293
1.83	1.56309
1.84	1.56296
1.85	1.56285
1.86	1.56279
1.87	1.56320
1.88	1.56337
1.89	1.56296
1.90	1.56302
1.91	1.56310
1.92	1.56270
1.93	1.56293
1.94	1.56262
1.95	1.56275
1.96	1.56273
1.97	1.56303
1.98	1.56332
1.99	1.56277
2.00	1.56256
2.0097	1.58013
2.0190	1.57816
2.0285	1.57629
2.0381	1.57637
2.0478	1.57668
2.0575	1.57491
2.0673	1.57307
2.0773	1.57276
2.0873	1.57268
2.0975	1.56960
2.1077	1.56498
2.1180	1.56087
2.1285	1.55940
2.1390	1.56039
2.1496	1.56007
2.1568	1.55891
2.1676	1.55850
2.1785	1.55899
2.1896	1.55948
2.1970	1.55989
2.2082	1.55992
2.2196	1.55973
2.2272	1.55961
2.2387	1.55943
2.2465	1.55951
2.2582	1.55937
2.2661	1.55898
2.2781	1.55863
2.2861	1.55819
2.2983	1.55770
2.3065	1.55805
2.3188	1.55974
2.3272	1.55972
2.3398	1.55890
2.3482	1.55899
2.3568	1.55953
2.3697	1.55926
2.3784	1.55910
2.3872	1.55927
2.3960	1.55926
2.4093	1.56026
2.4183	1.56061
2.4274	1.55998
2.4365	1.55879
2.4457	1.55783
2.4596	1.55785
2.4690	1.55840
2.4784	1.55913
2.4880	1.55901
2.4975	1.55826
2.5072	1.55814
2.5169	1.55819
2.5268	1.55786
2.5366	1.55789
2.5466	1.55834
2.5567	1.55903
2.5668	1.55995
2.5770	1.56012
2.5873	1.55993
2.5976	1.55931
2.6081	1.55863
2.6186	1.55816
2.6293	1.55779
2.6400	1.55723
2.6454	1.55694
2.6562	1.55653
2.6671	1.55665
2.6782	1.55659
2.6893	1.55643
2.6949	1.55634
2.7061	1.55665
2.7175	1.55711
2.7289	1.55817
2.7347	1.55843
2.7462	1.55782
2.7579	1.55683
2.7697	1.55700
2.7756	1.55730
2.7876	1.55717
2.7996	1.55649
2.8057	1.55653
2.8179	1.55696
2.8240	1.55672
2.8364	1.55635
2.8489	1.55664
2.8551	1.55686
2.8678	1.55703
2.8741	1.55694
2.8869	1.55628
2.8998	1.55591
2.9063	1.55585
2.9194	1.55621
2.9260	1.55646
2.9393	1.55658
2.9460	1.55647
2.9594	1.55598
2.9662	1.55596
2.9798	1.55631
2.9867	1.55639
2.9936	1.55639
3.0075	1.55579
3.0145	1.55535
3.0286	1.55510
3.0357	1.55549
3.0499	1.55524
3.0571	1.55478
3.0644	1.55469
3.0789	1.55481
3.0863	1.55475
3.0936	1.55461
3.1085	1.55413
3.1159	1.55343
3.1234	1.55254
3.1386	1.55237
3.1462	1.55284
3.1538	1.55295
3.1693	1.55180
3.1770	1.55058
3.1848	1.54952
3.1927	1.54870
3.2085	1.54737
3.2164	1.54672
3.2244	1.54610
3.2325	1.54574
3.2487	1.54667
3.2569	1.54742
3.2651	1.54859
3.2733	1.54943
3.2899	1.54754
3.2983	1.55034
3.3067	1.55720
3.3152	1.56264
3.3237	1.56325
3.3322	1.56116
3.3494	1.55613
3.3581	1.55359
3.3668	1.55094
3.3756	1.54799
3.3844	1.54482
3.3933	1.54232
3.4022	1.54242
3.4111	1.54738
3.4292	1.56790
3.4383	1.57444
3.4474	1.57594
3.4566	1.57450
3.4658	1.57221
3.4751	1.56992
3.4845	1.56755
3.4939	1.56622
3.5033	1.56748
3.5128	1.57044
3.5224	1.57216
3.5320	1.57146
3.5416	1.56961
3.5513	1.56806
3.5611	1.56727
3.5709	1.56652
3.5807	1.56547
3.5907	1.56457
3.6006	1.56415
3.6107	1.56381
3.6207	1.56328
3.6309	1.56280
3.6411	1.56239
3.6513	1.56192
3.6617	1.56144
3.6720	1.56127
3.6825	1.56138
3.6930	1.56128
3.7035	1.56089
3.7141	1.56071
3.7248	1.56086
3.7355	1.56092
3.7463	1.56068
3.7572	1.56050
3.7681	1.56048
3.7791	1.56028
3.7901	1.56018
3.8013	1.56034
3.8124	1.56015
3.8237	1.55957
3.8350	1.55941
3.8464	1.55970
3.8578	1.55988
3.8693	1.55972
3.8809	1.55938
3.8926	1.55896
3.9043	1.55875
3.9161	1.55887
3.9280	1.55887
3.9399	1.55866
3.9519	1.55855
3.9640	1.55858
3.9762	1.55843
3.9884	1.55839
4.0007	1.55857
4.0131	1.55861
4.0255	1.55840
4.0381	1.55822
4.0507	1.55804
4.0634	1.55792
4.0762	1.55779
4.0890	1.55757
4.1020	1.55727
4.1150	1.55716
4.1281	1.55718
4.1413	1.55739
4.1546	1.55747
4.1679	1.55724
4.1814	1.55699
4.1949	1.55713
4.2085	1.55751
4.2222	1.55757
4.2360	1.55669
4.2499	1.55643
4.2639	1.55646
4.2780	1.55630
4.2921	1.55709
4.3064	1.55771
4.3208	1.55718
4.3352	1.55666
4.3498	1.55664
4.3644	1.55657
4.3791	1.55643
4.3940	1.55627
4.4089	1.55631
4.4240	1.55644
4.4391	1.55643
4.4544	1.55641
4.4697	1.55634
4.4852	1.55621
4.5008	1.55614
4.5165	1.55585
4.5323	1.55561
4.5482	1.55570
4.5642	1.55575
4.5803	1.55531
4.5965	1.55514
4.6129	1.55533
4.6294	1.55535
4.6460	1.55495
4.6627	1.55465
4.6795	1.55464
4.6965	1.55475
4.7136	1.55470
4.7308	1.55428
4.7481	1.55408
4.7655	1.55416
4.7831	1.55415
4.8008	1.55417
4.8187	1.55420
4.8367	1.55417
4.8548	1.55410
4.8730	1.55375
4.8914	1.55330
4.9100	1.55332
4.9286	1.55334
4.9474	1.55310
4.9664	1.55286
4.9855	1.55265
5.0047	1.55226
5.0241	1.55203
5.0437	1.55185
5.0634	1.55126
5.0832	1.55079
5.1033	1.55096
5.1234	1.55143
5.1438	1.55238
5.1643	1.55309
5.1849	1.55309
5.2057	1.55291
5.2267	1.55242
5.2479	1.55154
5.2692	1.55087
5.2907	1.55092
5.3124	1.55125
5.3343	1.55189
5.3563	1.55271
5.3785	1.55289
5.4009	1.55242
5.4235	1.55176
5.4463	1.55092
5.4693	1.54993
5.4925	1.54945
5.5159	1.55002
5.5394	1.55082
5.5632	1.55129
5.5872	1.55144
5.6114	1.55129
5.6358	1.55042
5.6604	1.54767
5.6852	1.54548
5.7103	1.54690
5.7355	1.55012
5.7610	1.55263
5.7867	1.55358
5.8127	1.55303
5.8389	1.55243
5.8653	1.55166
5.8919	1.55034
5.9188	1.54980
5.9460	1.54978
5.9734	1.54902
6.0011	1.54853
6.0290	1.54880
6.0571	1.54830
6.0856	1.54720
6.1143	1.54587
6.1433	1.54460
6.1725	1.54228
6.2020	1.53801
6.2319	1.54106
6.2620	1.55100
6.2924	1.55443
6.3231	1.55355
6.3541	1.55229
6.3854	1.54999
6.4170	1.54766
6.4489	1.54569
6.4811	1.54468
6.5137	1.54380
6.5466	1.54200
6.5798	1.53885
6.6134	1.53305
6.6473	1.52191
6.6816	1.53047
6.7162	1.55656
6.7512	1.56128
6.7865	1.54797
6.8223	1.53477
6.8583	1.53216
6.8948	1.55525
6.9317	1.57473
6.9690	1.57327
7.0066	1.56564
7.0447	1.56021
7.0832	1.55686
7.1221	1.55434
7.1615	1.55165
7.2013	1.54919
7.2415	1.54836
7.2822	1.54989
7.3233	1.55292
7.3649	1.55430
7.4070	1.55372
7.4496	1.55275
7.4926	1.55139
7.5362	1.55114
7.5803	1.55236
7.6249	1.55343
7.6700	1.55343
7.7156	1.55233
7.7618	1.55192
7.8086	1.55172
7.8559	1.54956
7.9038	1.54608
7.9523	1.54331
8.0014	1.54200
8.0511	1.54343
8.1014	1.54802
8.1524	1.55321
8.2040	1.55586
8.2562	1.55640
8.3091	1.55559
8.3628	1.55301
8.4171	1.55099
8.4721	1.55104
8.5278	1.55150
8.5843	1.54998
8.6415	1.54990
8.6995	1.55147
8.7583	1.55161
8.8179	1.55022
8.8783	1.54766
8.9395	1.54586
9.0016	1.54482
9.0645	1.54190
9.1284	1.53896
9.1931	1.53765
9.2588	1.53795
9.3254	1.54121
9.3930	1.54636
9.4615	1.55001
9.5311	1.55209
9.6017	1.55102
9.6733	1.55269
9.7461	1.56222
9.8199	1.56781
9.8949	1.56524
9.9710	1.56224
10.048	1.55968
10.127	1.55747
10.207	1.55574
10.288	1.55526
10.370	1.55465
10.453	1.55306
10.538	1.55192
10.625	1.55098
10.713	1.54956
10.802	1.54717
10.893	1.54469
10.985	1.54702
11.079	1.55262
11.174	1.55390
11.272	1.55142
11.370	1.54911
11.471	1.54510
11.573	1.54091
11.678	1.53725
11.784	1.53594
11.892	1.53690
12.002	1.53612
12.114	1.53241
12.229	1.52903
12.345	1.52404
12.464	1.51713
12.585	1.50745
12.708	1.49456
12.834	1.48175
12.962	1.47675
13.093	1.49226
13.227	1.52708
13.363	1.56176
13.502	1.57437
13.645	1.55760
13.790	1.52389
13.938	1.46750
14.089	1.40602
14.244	1.51292
14.403	1.72776
14.564	1.75952
14.730	1.67295
14.899	1.64037
15.072	1.62211
15.250	1.61111
15.431	1.60119
15.617	1.59346
15.808	1.58726
16.003	1.58261
16.203	1.58041
16.408	1.57934
16.618	1.57655
16.834	1.57118
17.056	1.56573
17.283	1.56074
17.517	1.55877
17.757	1.55947
18.003	1.56334
18.257	1.57361
18.518	1.59413
18.786	1.61088
19.062	1.61181
19.347	1.60843
19.640	1.60549
19.942	1.59856

wl	k
0.40	8.13E-07
0.41	7.28E-07
0.42	6.82E-07
0.43	6.70E-07
0.44	6.50E-07
0.45	6.33E-07
0.46	6.12E-07
0.47	6.02E-07
0.48	6.09E-07
0.49	6.25E-07
0.50	6.11E-07
0.51	6.12E-07
0.52	5.72E-07
0.53	5.62E-07
0.54	5.70E-07
0.55	5.78E-07
0.56	6.07E-07
0.57	5.86E-07
0.58	5.95E-07
0.59	5.83E-07
0.60	6.36E-07
0.61	6.31E-07
0.62	5.93E-07
0.63	6.14E-07
0.64	6.27E-07
0.65	5.83E-07
0.66	5.86E-07
0.67	5.73E-07
0.68	5.64E-07
0.69	5.82E-07
0.70	5.64E-07
0.71	6.02E-07
0.72	5.55E-07
0.73	5.76E-07
0.74	5.67E-07
0.75	5.51E-07
0.76	5.98E-07
0.77	6.08E-07
0.78	5.46E-07
0.79	5.45E-07
0.80	5.54E-07
0.81	5.55E-07
0.82	4.48E-07
0.83	4.21E-07
0.84	5.34E-07
0.85	5.11E-07
0.86	5.29E-07
0.87	1.22E-06
0.88	9.11E-07
0.89	8.20E-07
0.90	5.35E-07
0.91	4.93E-07
0.92	3.93E-07
0.93	2.85E-07
0.94	8.16E-07
0.95	4.00E-07
0.96	4.71E-07
0.97	2.04E-07
0.98	2.34E-07
0.99	4.34E-07
1.00	3.49E-07
1.01	7.34E-07
1.02	7.39E-07
1.03	1.01E-06
1.04	9.61E-07
1.05	9.82E-07
1.06	9.36E-07
1.07	9.04E-07
1.08	8.95E-07
1.09	1.25E-06
1.10	1.10E-06
1.11	1.35E-06
1.12	1.88E-06
1.13	4.12E-06
1.14	1.13E-05
1.15	1.14E-05
1.16	4.52E-06
1.17	2.96E-06
1.18	2.45E-06
1.19	3.44E-06
1.20	4.60E-06
1.21	5.24E-06
1.22	4.03E-06
1.23	2.79E-06
1.24	2.06E-06
1.25	1.68E-06
1.26	1.66E-06
1.27	1.88E-06
1.28	1.27E-06
1.29	1.27E-06
1.30	1.51E-06
1.31	1.43E-06
1.32	1.57E-06
1.33	1.74E-06
1.34	2.03E-06
1.35	2.28E-06
1.36	2.05E-06
1.37	3.55E-06
1.38	4.00E-06
1.39	4.78E-06
1.40	5.05E-06
1.41	5.76E-06
1.42	6.12E-06
1.43	5.24E-06
1.44	5.08E-06
1.45	4.49E-06
1.46	4.01E-06
1.47	4.00E-06
1.48	4.65E-06
1.49	3.23E-06
1.50	3.06E-06
1.51	2.82E-06
1.52	2.64E-06
1.53	2.45E-06
1.54	2.25E-06
1.55	1.89E-06
1.56	1.96E-06
1.57	2.13E-06
1.58	2.41E-06
1.59	2.84E-06
1.60	3.32E-06
1.61	4.46E-06
1.62	8.11E-06
1.63	1.92E-05
1.64	2.68E-05
1.65	2.42E-05
1.66	3.87E-05
1.67	1.05E-04
1.68	1.60E-04
1.69	1.37E-04
1.70	8.46E-05
1.71	5.42E-05
1.72	4.80E-05
1.73	4.40E-05
1.74	2.73E-05
1.75	3.34E-05
1.76	4.17E-05
1.77	3.62E-05
1.78	2.72E-05
1.79	3.06E-05
1.80	2.91E-05
1.81	2.97E-05
1.82	2.72E-05
1.83	2.44E-05
1.84	2.48E-05
1.85	2.56E-05
1.86	2.68E-05
1.87	2.46E-05
1.88	2.18E-05
1.89	2.14E-05
1.90	2.11E-05
1.91	2.14E-05
1.92	1.97E-05
1.93	1.89E-05
1.94	1.85E-05
1.95	1.92E-05
1.96	1.84E-05
1.97	1.79E-05
1.98	1.79E-05
1.99	1.75E-05
2.00	1.76E-05
2.0097	2.14E-05
2.0190	2.45E-05
2.0285	3.10E-05
2.0381	3.69E-05
2.0478	3.77E-05
2.0575	3.91E-05
2.0673	4.05E-05
2.0773	4.13E-05
2.0873	4.29E-05
2.0975	4.60E-05
2.1077	5.05E-05
2.1180	5.84E-05
2.1285	7.44E-05
2.1390	1.00E-04
2.1496	3.39E-03
2.1568	3.89E-03
2.1676	3.88E-03
2.1785	3.59E-03
2.1896	4.30E-03
2.1970	4.75E-03
2.2082	9.79E-05
2.2196	9.05E-05
2.2272	8.51E-05
2.2387	7.97E-05
2.2465	8.03E-05
2.2582	8.63E-05
2.2661	9.32E-05
2.2781	3.39E-03
2.2861	3.73E-03
2.2983	4.10E-03
2.3065	3.87E-03
2.3188	3.62E-03
2.3272	3.53E-03
2.3398	3.76E-03
2.3482	3.95E-03
2.3568	4.27E-03
2.3697	4.37E-03
2.3784	3.70E-03
2.3872	3.62E-03
2.3960	3.73E-03
2.4093	3.60E-03
2.4183	3.66E-03
2.4274	3.84E-03
2.4365	3.74E-03
2.4457	3.13E-03
2.4596	2.89E-03
2.4690	3.70E-03
2.4784	4.51E-03
2.4880	4.33E-03
2.4975	3.47E-03
2.5072	3.21E-03
2.5169	2.96E-03
2.5268	2.69E-03
2.5366	3.15E-03
2.5466	3.64E-03
2.5567	4.06E-03
2.5668	4.18E-03
2.5770	3.91E-03
2.5873	3.48E-03
2.5976	2.93E-03
2.6081	3.05E-03
2.6186	3.37E-03
2.6293	3.95E-03
2.6400	4.26E-03
2.6454	3.94E-03
2.6562	3.08E-03
2.6671	3.39E-03
2.6782	3.67E-03
2.6893	3.07E-03
2.6949	2.73E-03
2.7061	3.03E-03
2.7175	4.19E-03
2.7289	4.07E-03
2.7347	3.54E-03
2.7462	2.82E-03
2.7579	2.55E-03
2.7697	2.34E-03
2.7756	2.56E-03
2.7876	3.09E-03
2.7996	3.24E-03
2.8057	3.27E-03
2.8179	3.56E-03
2.8240	3.62E-03
2.8364	3.54E-03
2.8489	3.61E-03
2.8551	3.48E-03
2.8678	3.25E-03
2.8741	3.32E-03
2.8869	3.39E-03
2.8998	3.68E-03
2.9063	3.76E-03
2.9194	1.36E-04
2.9260	1.29E-04
2.9393	1.23E-04
2.9460	1.21E-04
2.9594	1.15E-04
2.9662	1.12E-04
2.9798	1.08E-04
2.9867	1.10E-04
2.9936	1.13E-04
3.0075	1.18E-04
3.0145	1.20E-04
3.0286	1.25E-04
3.0357	1.29E-04
3.0499	2.22E-03
3.0571	1.86E-03
3.0644	1.86E-03
3.0789	2.49E-03
3.0863	2.59E-03
3.0936	2.56E-03
3.1085	2.57E-03
3.1159	2.69E-03
3.1234	2.97E-03
3.1386	2.89E-03
3.1462	2.56E-03
3.1538	2.36E-03
3.1693	2.76E-03
3.1770	2.97E-03
3.1848	3.11E-03
3.1927	3.14E-03
3.2085	3.33E-03
3.2164	4.25E-03
3.2244	5.86E-03
3.2325	8.03E-03
3.2487	1.19E-02
3.2569	1.33E-02
3.2651	1.43E-02
3.2733	1.40E-02
3.2899	1.65E-02
3.2983	2.11E-02
3.3067	2.22E-02
3.3152	1.75E-02
3.3237	1.14E-02
3.3322	7.90E-03
3.3494	5.82E-03
3.3581	6.23E-03
3.3668	7.25E-03
3.3756	8.48E-03
3.3844	1.08E-02
3.3933	1.59E-02
3.4022	2.37E-02
3.4111	3.17E-02
3.4292	3.33E-02
3.4383	2.69E-02
3.4474	1.99E-02
3.4566	1.44E-02
3.4658	1.12E-02
3.4751	9.74E-03
3.4845	9.93E-03
3.4939	1.14E-02
3.5033	1.26E-02
3.5128	1.15E-02
3.5224	8.27E-03
3.5320	5.45E-03
3.5416	4.04E-03
3.5513	3.48E-03
3.5611	3.22E-03
3.5709	3.21E-03
3.5807	3.38E-03
3.5907	3.27E-03
3.6006	2.97E-03
3.6107	2.84E-03
3.6207	2.60E-03
3.6309	2.29E-03
3.6411	2.30E-03
3.6513	2.64E-03
3.6617	2.94E-03
3.6720	3.06E-03
3.6825	3.03E-03
3.6930	2.92E-03
3.7035	2.90E-03
3.7141	2.95E-03
3.7248	3.13E-03
3.7355	3.38E-03
3.7463	3.51E-03
3.7572	3.28E-03
3.7681	3.05E-03
3.7791	3.11E-03
3.7901	3.14E-03
3.8013	3.03E-03
3.8124	2.90E-03
3.8237	3.02E-03
3.8350	3.17E-03
3.8464	3.19E-03
3.8578	3.22E-03
3.8693	3.26E-03
3.8809	3.31E-03
3.8926	3.26E-03
3.9043	3.00E-03
3.9161	2.66E-03
3.9280	2.56E-03
3.9399	2.73E-03
3.9519	2.97E-03
3.9640	2.97E-03
3.9762	2.91E-03
3.9884	3.09E-03
4.0007	3.29E-03
4.0131	3.26E-03
4.0255	3.04E-03
4.0381	2.83E-03
4.0507	2.76E-03
4.0634	2.84E-03
4.0762	2.83E-03
4.0890	2.86E-03
4.1020	2.92E-03
4.1150	2.96E-03
4.1281	3.02E-03
4.1413	2.89E-03
4.1546	2.60E-03
4.1679	2.58E-03
4.1814	2.88E-03
4.1949	3.23E-03
4.2085	3.50E-03
4.2222	3.66E-03
4.2360	3.83E-03
4.2499	3.79E-03
4.2639	3.67E-03
4.2780	3.79E-03
4.2921	3.82E-03
4.3064	3.62E-03
4.3208	3.30E-03
4.3352	2.97E-03
4.3498	2.88E-03
4.3644	2.93E-03
4.3791	2.98E-03
4.3940	3.02E-03
4.4089	3.04E-03
4.4240	2.85E-03
4.4391	2.59E-03
4.4544	2.50E-03
4.4697	2.75E-03
4.4852	2.99E-03
4.5008	3.07E-03
4.5165	3.20E-03
4.5323	3.28E-03
4.5482	3.18E-03
4.5642	3.12E-03
4.5803	3.05E-03
4.5965	2.97E-03
4.6129	2.93E-03
4.6294	2.89E-03
4.6460	2.84E-03
4.6627	2.63E-03
4.6795	2.46E-03
4.6965	2.70E-03
4.7136	3.05E-03
4.7308	3.21E-03
4.7481	3.10E-03
4.7655	2.80E-03
4.7831	2.70E-03
4.8008	2.80E-03
4.8187	2.98E-03
4.8367	3.10E-03
4.8548	3.06E-03
4.8730	3.06E-03
4.8914	3.04E-03
4.9100	2.86E-03
4.9286	2.92E-03
4.9474	3.23E-03
4.9664	3.25E-03
4.9855	3.03E-03
5.0047	3.02E-03
5.0241	3.24E-03
5.0437	3.41E-03
5.0634	3.55E-03
5.0832	4.37E-03
5.1033	5.21E-03
5.1234	5.74E-03
5.1438	6.26E-03
5.1643	5.86E-03
5.1849	4.94E-03
5.2057	4.16E-03
5.2267	3.44E-03
5.2479	3.29E-03
5.2692	3.77E-03
5.2907	4.43E-03
5.3124	5.12E-03
5.3343	5.73E-03
5.3563	5.66E-03
5.3785	4.66E-03
5.4009	3.74E-03
5.4235	3.41E-03
5.4463	3.65E-03
5.4693	4.02E-03
5.4925	4.34E-03
5.5159	5.09E-03
5.5394	5.96E-03
5.5632	5.64E-03
5.5872	4.51E-03
5.6114	3.69E-03
5.6358	3.56E-03
5.6604	5.41E-03
5.6852	9.80E-03
5.7103	1.36E-02
5.7355	1.46E-02
5.7610	1.27E-02
5.7867	9.84E-03
5.8127	8.33E-03
5.8389	7.20E-03
5.8653	6.26E-03
5.8919	5.98E-03
5.9188	5.72E-03
5.9460	5.46E-03
5.9734	5.58E-03
6.0011	5.43E-03
6.0290	4.87E-03
6.0571	4.58E-03
6.0856	4.69E-03
6.1143	4.57E-03
6.1433	4.41E-03
6.1725	4.79E-03
6.2020	9.80E-03
6.2319	1.85E-02
6.2620	1.87E-02
6.2924	1.24E-02
6.3231	9.44E-03
6.3541	6.64E-03
6.3854	4.61E-03
6.4170	4.57E-03
6.4489	5.46E-03
6.4811	5.75E-03
6.5137	4.91E-03
6.5466	4.42E-03
6.5798	4.70E-03
6.6134	4.69E-03
6.6473	1.52E-02
6.6816	3.85E-02
6.7162	3.71E-02
6.7512	1.67E-02
6.7865	7.57E-03
6.8223	1.21E-02
6.8583	3.45E-02
6.8948	4.96E-02
6.9317	3.36E-02
6.9690	1.53E-02
7.0066	8.67E-03
7.0447	6.45E-03
7.0832	5.55E-03
7.1221	5.47E-03
7.1615	6.64E-03
7.2013	9.69E-03
7.2415	1.39E-02
7.2822	1.69E-02
7.3233	1.69E-02
7.3649	1.45E-02
7.4070	1.24E-02
7.4496	1.10E-02
7.4926	1.03E-02
7.5362	1.01E-02
7.5803	1.03E-02
7.6249	1.05E-02
7.6700	1.05E-02
7.7156	1.03E-02
7.7618	1.04E-02
7.8086	9.92E-03
7.8559	9.62E-03
7.9038	1.21E-02
7.9523	1.72E-02
8.0014	2.36E-02
8.0511	2.89E-02
8.1014	3.14E-02
8.1524	2.98E-02
8.2040	2.57E-02
8.2562	2.09E-02
8.3091	1.71E-02
8.3628	1.49E-02
8.4171	1.44E-02
8.4721	1.45E-02
8.5278	1.38E-02
8.5843	1.45E-02
8.6415	1.55E-02
8.6995	1.35E-02
8.7583	1.06E-02
8.8179	1.00E-02
8.8783	1.07E-02
8.9395	1.15E-02
9.0016	1.22E-02
9.0645	1.28E-02
9.1284	1.48E-02
9.1931	1.90E-02
9.2588	2.50E-02
9.3254	3.06E-02
9.3930	3.18E-02
9.4615	3.11E-02
9.5311	3.06E-02
9.6017	3.11E-02
9.6733	3.54E-02
9.7461	3.54E-02
9.8199	2.62E-02
9.8949	1.93E-02
9.9710	1.66E-02
10.048	1.41E-02
10.127	1.32E-02
10.207	1.37E-02
10.288	1.47E-02
10.370	1.44E-02
10.453	1.23E-02
10.538	1.15E-02
10.625	1.21E-02
10.713	1.19E-02
10.802	1.27E-02
10.893	1.62E-02
10.985	2.04E-02
11.079	1.96E-02
11.174	1.33E-02
11.272	8.86E-03
11.370	8.35E-03
11.471	8.18E-03
11.573	8.04E-03
11.678	9.07E-03
11.784	1.13E-02
11.892	1.16E-02
12.002	9.75E-03
12.114	8.56E-03
12.229	7.48E-03
12.345	6.54E-03
12.464	8.22E-03
12.585	1.04E-02
12.708	1.47E-02
12.834	2.89E-02
12.962	5.72E-02
13.093	8.91E-02
13.227	1.05E-01
13.363	9.07E-02
13.502	5.66E-02
13.645	2.82E-02
13.790	1.77E-02
13.938	2.17E-02
14.089	1.32E-01
14.244	3.22E-01
14.403	2.90E-01
14.564	9.05E-02
14.730	1.67E-02
14.899	1.73E-02
15.072	1.28E-02
15.250	1.18E-02
15.431	1.06E-02
15.617	1.13E-02
15.808	1.22E-02
16.003	1.42E-02
16.203	1.54E-02
16.408	1.67E-02
16.618	1.86E-02
16.834	1.89E-02
17.056	1.82E-02
17.283	2.27E-02
17.517	3.08E-02
17.757	3.77E-02
18.003	4.45E-02
18.257	5.70E-02
18.518	6.37E-02
18.786	4.86E-02
19.062	2.73E-02
19.347	1.87E-02
19.640	1.93E-02
19.942	1.65E-02
